Manhattan
-73.9277744, 40.8784128
-73.9654541, 40.8153033
-74.0083694, 40.7514184
-74.0135193, 40.7191602
-74.0169096, 40.7185422
-74.0207291, 40.7016913
-74.0109873, 40.6988933
-73.9980698, 40.7077100
-73.9788437, 40.7095318
-73.9695740, 40.7264457
-73.9736938, 40.7303483
-73.9733505, 40.7394535
-73.9685440, 40.7459564
-73.9415932, 40.7744319
-73.9427948, 40.7815813
-73.9398766, 40.7836610
-73.9348984, 40.7898997
-73.9297485, 40.7927589
-73.9287186, 40.8025052
-73.9340401, 40.8084823
-73.9335251, 40.8235525
-73.9347267, 40.8336840
-73.9252853, 40.8503066
-73.9124107, 40.8661462
-73.9096642, 40.8708195
-73.9109516, 40.8736103
-73.9204359, 40.8758169
-73.9254141, 40.8781532

JFK
-73.8124180, 40.6606849
-73.8186407, 40.6614988
-73.8219881, 40.6602617
-73.8237906, 40.6552481
-73.8220310, 40.6489967
-73.8196707, 40.6462942
-73.7852097, 40.6293273
-73.7907887, 40.6237901
-73.7842655, 40.6185131
-73.7774849, 40.6258748
-73.7736225, 40.6224872
-73.7723351, 40.6183177
-73.7671852, 40.6215752
-73.7670135, 40.6250930
-73.7658978, 40.6275685
-73.7482166, 40.6342126
-73.7466502, 40.6398303
-73.7482381, 40.6435915
-73.7545681, 40.6474338
-73.7546968, 40.6491595
-73.7666273, 40.6556062
-73.7725496, 40.6588618
-73.7791157, 40.6617267
-73.7842226, 40.6631265
-73.7894154, 40.6639729
-73.7949514, 40.6647541
-73.8004017, 40.6651773
-73.8041353, 40.6651122
-73.8077402, 40.6644937
-73.8097572, 40.6638101
-73.8113451, 40.6629637
-73.8123322, 40.6606849

LaGardia
-73.8893652, 40.7737006
-73.8884640, 40.7691587
-73.8880348, 40.7687361
-73.8875198, 40.7671029
-73.8852024, 40.7677367
-73.8812542, 40.7696543
-73.8783574, 40.7711656
-73.8765764, 40.7716369
-73.8743448, 40.7719294
-73.8727355, 40.7720106
-73.8714480, 40.7717669
-73.8696241, 40.7711981
-73.8679075, 40.7704831
-73.8632727, 40.7669079
-73.8613629, 40.7667454
-73.8587236, 40.7669566
-73.8564491, 40.7680780
-73.8549685, 40.7695893
-73.8539815, 40.7715069
-73.8541102, 40.7725631
-73.8713837, 40.7807689
-73.8706970, 40.7816463
-73.8686800, 40.7838235
-73.8692379, 40.7847983
-73.8687658, 40.7857406
-73.8709116, 40.7868129
-73.8751602, 40.7819063
-73.8790226, 40.7836285
-73.8801813, 40.7819713
-73.8792157, 40.7816219
-73.8789797, 40.7808258
-73.8855028, 40.7802490
-73.8846231, 40.7755206
-73.8850951, 40.7754068
-73.8848591, 40.7742369
-73.8893652, 40.7737331

Newark
-74.1883993, 40.7081004
-74.1963816, 40.6929715
-74.1928196, 40.6911167
-74.1928089, 40.6900185
-74.1959310, 40.6892375
-74.1956949, 40.6879440
-74.1973042, 40.6880253
-74.1987097, 40.6860240
-74.1974866, 40.6853488
-74.1952658, 40.6806543
-74.1935492, 40.6797918
-74.1911674, 40.6759514
-74.1870904, 40.6732336
-74.1800308, 40.6704995
-74.1773701, 40.6695067
-74.1518998, 40.7058557
-74.1550756, 40.7074010
-74.1609335, 40.7096456
-74.1688943, 40.7108005
-74.1759753, 40.7106703
-74.1884208, 40.7080679

Teterboro
-74.0792441, 40.8445119
-74.0766478, 40.8435867
-74.0763044, 40.8429536
-74.0714121, 40.8402426
-74.0634942, 40.8387978
-74.0607905, 40.8367848
-74.0532589, 40.8434568
-74.0514994, 40.8480667
-74.0535164, 40.8528711
-74.0516281, 40.8573830
-74.0571642, 40.8607911
-74.0629148, 40.8660489
-74.0794373, 40.8447229

Brooklin
-74.0049362, 40.5659810
-73.9012527, 40.5761518
-73.8936996, 40.5719793
-73.8717270, 40.5784986
-73.8818550, 40.6070456
-73.8933563, 40.6159071
-73.8883781, 40.6243765
-73.8763618, 40.6312815
-73.8622856, 40.6379252
-73.8422012, 40.6432658
-73.8364506, 40.6454475
-73.8415146, 40.6658609
-73.8445187, 40.6806706
-73.8461494, 40.6847386
-73.8506985, 40.6906937
-73.8525009, 40.6943381
-73.8528872, 40.6981775
-73.8718128, 40.6946960
-73.8688946, 40.6913119
-73.8877773, 40.6832416
-73.8888073, 40.6849338
-73.8924980, 40.6837623
-73.8946009, 40.6850965
-73.8985062, 40.6802149
-73.9050293, 40.6834368
-73.9051151, 40.6866260
-73.8996649, 40.6931342
-73.8979053, 40.6969736
-73.8929701, 40.7015937
-73.8898373, 40.7081980
-73.8992357, 40.7123619
-73.9025831, 40.7137932
-73.9059734, 40.7145739
-73.9078617, 40.7158262
-73.9101148, 40.7182170
-73.9134407, 40.7224128
-73.9150500, 40.7244943
-73.9176679, 40.7257790
-73.9218950, 40.7264294
-73.9249849, 40.7274214
-73.9280319, 40.7282019
-73.9356279, 40.7291450
-73.9389324, 40.7304459
-73.9399195, 40.7327873
-73.9419365, 40.7356490
-73.9474297, 40.7376000
-73.9524078, 40.7390308
-73.9561415, 40.7393885
-73.9594889, 40.7379577
-73.9615917, 40.7357791
-73.9630508, 40.7340881
-73.9654541, 40.7215346
-73.9685440, 40.7157774
-73.9709902, 40.7103125
-73.9750242, 40.7081980
-73.9781141, 40.7063437
-73.9872551, 40.7056930
-73.9930058, 40.7053351
-73.9997864, 40.7024396
-74.0086699, 40.6875698
-74.0241194, 40.6782947
-74.0181541, 40.6616290
-74.0377235, 40.6426146
-74.0439034, 40.6259399
-74.0409851, 40.6124213
-74.0324450, 40.6040481
-74.0075111, 40.5954458
-74.0021896, 40.5868424
-74.0020180, 40.5837136
-74.0090561, 40.5829314
-74.0133476, 40.5796720
-74.0147209, 40.5748479
-74.0054512, 40.5654594

Bronx
-73.9239013, 40.8800839
-73.9196527, 40.8764172
-73.9182150, 40.8757358
-73.9163053, 40.8757439
-73.9132798, 40.8749651
-73.9111662, 40.8741052
-73.9097071, 40.8731479
-73.9089453, 40.8718985
-73.9098787, 40.8680854
-73.9105868, 40.8666493
-73.9116168, 40.8654241
-73.9138377, 40.8629575
-73.9175177, 40.8588112
-73.9209080, 40.8550135
-73.9239120, 40.8505339
-73.9265728, 40.8470928
-73.9285469, 40.8437814
-73.9299631, 40.8406322
-73.9318943, 40.8373205
-73.9327526, 40.8356646
-73.9332676, 40.8325800
-73.9329243, 40.8294952
-73.9323664, 40.8230004
-73.9321947, 40.8157905
-73.9325809, 40.8107560
-73.9324951, 40.8091644
-73.9291477, 40.8048766
-73.9272380, 40.8032037
-73.9250708, 40.8023591
-73.9232683, 40.8023428
-73.9216805, 40.8015469
-73.9209509, 40.8006535
-73.9204574, 40.7996302
-73.9172602, 40.7981358
-73.9116383, 40.7962677
-73.9028835, 40.8036097
-73.8973045, 40.8052989
-73.8917255, 40.8047792
-73.8870049, 40.8025702
-73.8849449, 40.8008160
-73.8784218, 40.8012058
-73.8724136, 40.7999713
-73.8668346, 40.8063384
-73.8688517, 40.8096029
-73.8671565, 40.8100739
-73.8602901, 40.8088883
-73.8595819, 40.8059486
-73.8556123, 40.8039508
-73.8476729, 40.8045356
-73.8467932, 40.8063709
-73.8486385, 40.8093918
-73.8461494, 40.8102363
-73.8409138, 40.8180964
-73.8407421, 40.8142639
-73.8409996, 40.8118604
-73.8386822, 40.8065333
-73.8322449, 40.8036747
-73.8300133, 40.8043244
-73.8313007, 40.8082224
-73.8287258, 40.8101714
-73.8264084, 40.8104312
-73.8153362, 40.8127699
-73.8089848, 40.8113407
-73.8046074, 40.8078327
-73.7968826, 40.8038047
-73.7895012, 40.8026352
-73.7879562, 40.8084823
-73.7991142, 40.8116006
-73.7953377, 40.8154982
-73.8027191, 40.8197853
-73.8058090, 40.8261505
-73.8114738, 40.8253711
-73.8138771, 40.8348529
-73.8137054, 40.8416062
-73.8106155, 40.8462812
-73.8119888, 40.8506962
-73.8109589, 40.8578374
-73.8078690, 40.8555004
-73.8040924, 40.8488783
-73.8011742, 40.8456319
-73.7960243, 40.8532931
-73.7937927, 40.8495275
-73.7896729, 40.8388790
-73.7853813, 40.8356322
-73.7793732, 40.8361517
-73.7771416, 40.8412166
-73.7807465, 40.8513454
-73.7843513, 40.8566689
-73.7840080, 40.8626411
-73.7798882, 40.8739348
-73.7821198, 40.8799054
-73.9112091, 40.9148098
-73.9238691, 40.8802299